1.000000000000000000e+02
5.125000000000000000e+02
9.250000000000000000e+02
1.337500000000000000e+03
1.750000000000000000e+03
2.162500000000000000e+03
2.575000000000000000e+03
2.987500000000000000e+03
3.400000000000000000e+03
3.812500000000000000e+03
4.225000000000000000e+03
4.637500000000000000e+03
5.050000000000000000e+03
5.462500000000000000e+03
5.875000000000000000e+03
6.287500000000000000e+03
6.700000000000000000e+03
7.112500000000000000e+03
7.525000000000000000e+03
7.937500000000000000e+03
8.350000000000000000e+03
8.762500000000000000e+03
9.175000000000000000e+03
9.587500000000000000e+03
1.000000000000000000e+04
