1.030000000000000027e+00 1.000000000000000000e+00
1.466886602763593839e+00 2.239999999999999977e-02
2.025459632645010555e-01 1.199999999999999956e-01
-2.774352223387790417e-01 9.653000000000000469e-01
1.207268552227056847e-02 1.041000000000000085e-02
2.182718487547950392e+00 3.048000000000000043e+00
6.956742233254438190e-01 7.370000000000000107e+00
8.711051802724856241e-01 1.399999999999999911e+00
6.597715641695943489e+00 3.700000000000000178e+00
1.986984761081482365e+00 1.000000000000000056e-01
