3.109999999999999876e+00 1.000000000000000000e+00
7.769244922246749674e-01 2.239999999999999977e-02
2.927675759157689406e+00 1.199999999999999956e-01
2.123152733416784343e+00 9.653000000000000469e-01
-5.705991684194439487e-03 1.041000000000000085e-02
6.936730126549472075e+00 3.048000000000000043e+00
2.347784667661785563e-01 7.370000000000000107e+00
-7.760979724476921304e-02 1.399999999999999911e+00
6.781738794418290528e-02 3.700000000000000178e+00
3.464240141870886941e-02 1.000000000000000056e-01
