1.000000000000000000e+02 7.652920369416307074e-05 2.380805027093690570e-04 2.500780773846549856e-04 1.000149076304741591e+00 8.530215177009106003e-03
5.125000000000000000e+02 5.424316252538449127e-04 1.749304910045720775e-03 1.831474743583924288e-03 1.000055163857063389e+00 5.533388472723576625e-03
9.250000000000000000e+02 8.987263050732411654e-04 3.334403815867557214e-03 3.453398004676452686e-03 1.000035887614528773e+00 5.719306103557308951e-03
1.337500000000000000e+03 1.088388686636927033e-03 4.439058904564889205e-03 4.570539781185069088e-03 1.000024566254088532e+00 5.772484002035762653e-03
1.750000000000000000e+03 1.136734839464899859e-03 4.812158333940853676e-03 4.944596437139071356e-03 1.000014362229343146e+00 5.385694955744426207e-03
2.162500000000000000e+03 1.115007295992804159e-03 4.729865078359163540e-03 4.859512828421947220e-03 1.000006413058108778e+00 4.839093777518544380e-03
2.575000000000000000e+03 1.068984175404674112e-03 4.460135546462270888e-03 4.586451379888703897e-03 1.000001287160956709e+00 4.305265726315520708e-03
2.987500000000000000e+03 1.021716078461809953e-03 4.151071699044129107e-03 4.274961987619741929e-03 9.999987554702807202e-01 3.847574372567304137e-03
3.400000000000000000e+03 9.873931907984263585e-04 3.868014818285947162e-03 3.992052598315242243e-03 9.999978539359851704e-01 3.480860271450170185e-03
3.812500000000000000e+03 9.644471116684545436e-04 3.632080177148920303e-03 3.757946865569565531e-03 9.999981039548786477e-01 3.194546633003908769e-03
4.225000000000000000e+03 9.521918135190437062e-04 3.452929361997929877e-03 3.581813846178986786e-03 9.999990374614082800e-01 2.979897991248980482e-03
4.637500000000000000e+03 9.509893164972566372e-04 3.323983908966533091e-03 3.457347206625329631e-03 1.000000455886264072e+00 2.821278559311109994e-03
5.050000000000000000e+03 9.581796969101543434e-04 3.242258589136444089e-03 3.380879928421029555e-03 1.000001991292600589e+00 2.709721252974247891e-03
5.462500000000000000e+03 9.705922691013487823e-04 3.198549590491723410e-03 3.342569196841577855e-03 1.000003748169900897e+00 2.633031859661784553e-03
5.875000000000000000e+03 9.875182050821155154e-04 3.186354279783236258e-03 3.335872569757751538e-03 1.000005534863913192e+00 2.584198602651509649e-03
6.287500000000000000e+03 1.006684377608417936e-03 3.199556579826462552e-03 3.354187791944828519e-03 1.000007206821978745e+00 2.556735612042760741e-03
6.700000000000000000e+03 1.028017258831018894e-03 3.230254656611385167e-03 3.389891536762546214e-03 1.000008922654478605e+00 2.544033122820867857e-03
7.112500000000000000e+03 1.050738668274012145e-03 3.274162461615144713e-03 3.438632224308910048e-03 1.000010607510338989e+00 2.542585223645546511e-03
7.525000000000000000e+03 1.074034154350279706e-03 3.328701401953217554e-03 3.497685290027678900e-03 1.000012175856857422e+00 2.550130814728088224e-03
7.937500000000000000e+03 1.098253960937175741e-03 3.388847966194729645e-03 3.562366109862398229e-03 1.000013630997329761e+00 2.563195833979601407e-03
8.350000000000000000e+03 1.122942049351728470e-03 3.452097457307664718e-03 3.630148165151345432e-03 1.000015043234212087e+00 2.579875537376022290e-03
8.762500000000000000e+03 1.147394412310473672e-03 3.517383558916053858e-03 3.699797432013637866e-03 1.000016405261361152e+00 2.599280567761813078e-03
9.175000000000000000e+03 1.171846681063821267e-03 3.583869569848635236e-03 3.770589574271945941e-03 1.000017681496533362e+00 2.620853634375067045e-03
9.587500000000000000e+03 1.196233768176899583e-03 3.650039484149744055e-03 3.841062803961811309e-03 1.000018849316173242e+00 2.643594252279951682e-03
1.000000000000000000e+04 1.220442671448669636e-03 3.714348246088019449e-03 3.909713954691509431e-03 1.000019938868840663e+00 2.666435485607914976e-03
