1.000000000000000000e+02 2.179859876675575424e-04 2.388049526357525435e-03 2.397977988046726388e-03 1.000000000000000222e+00 5.798988699436562894e-02 9.366574477762534823e-01 1.113621667176698971e+00
5.125000000000000000e+02 6.020289818148919989e-03 5.993031708225617094e-02 6.023194165120288046e-02 1.000000000000000000e+00 3.805906050316550798e-02 9.561858851300449880e-01 1.061526560684224574e+00
9.250000000000000000e+02 1.086487038155803560e-02 1.010692243896531839e-01 1.016515298809251011e-01 1.000000000000000000e+00 3.183180546881953649e-02 9.642945577299765203e-01 1.048759970736845348e+00
1.337500000000000000e+03 1.379412431568878550e-02 1.237704730982400192e-01 1.245367731900798303e-01 1.000000000000000000e+00 2.996443850987886084e-02 9.687601070417996008e-01 1.043706595334253695e+00
1.750000000000000000e+03 1.550221956974362318e-02 1.367642290548627959e-01 1.376400129343150203e-01 1.000000000000000000e+00 2.975145326995127723e-02 9.708004398910550226e-01 1.040461971004037478e+00
2.162500000000000000e+03 1.652189538527743320e-02 1.440891519125970521e-01 1.450332952325684710e-01 1.000000000000000000e+00 3.020433520049973369e-02 9.711946283474661712e-01 1.040779414293753646e+00
2.575000000000000000e+03 1.712834437887602451e-02 1.478741832157433045e-01 1.488628705987104228e-01 1.000000000000000000e+00 3.091459844540513091e-02 9.721832917625827797e-01 1.041349220603626335e+00
2.987500000000000000e+03 1.748136343138027848e-02 1.499281508555016518e-01 1.509438587235923390e-01 1.000000000000000000e+00 3.167447667827439500e-02 9.720355130627723605e-01 1.041895923290106829e+00
3.400000000000000000e+03 1.769708300141420790e-02 1.506479756560339944e-01 1.516838795522522931e-01 1.000000000000000000e+00 3.246390989887134454e-02 9.717814600102187006e-01 1.043016519372786055e+00
3.812500000000000000e+03 1.779977714188007640e-02 1.504919932675647387e-01 1.515409914971800609e-01 1.000000000000000000e+00 3.322955350491901133e-02 9.715746638676987512e-01 1.043060468172252842e+00
4.225000000000000000e+03 1.786270802074464703e-02 1.499746089803128124e-01 1.510346307196901161e-01 1.000000000000000000e+00 3.397491830904662141e-02 9.716909774681109502e-01 1.043885671814136051e+00
4.637500000000000000e+03 1.786717470112440115e-02 1.491542652557810988e-01 1.502206070277613825e-01 1.000000000000000000e+00 3.467330820875663688e-02 9.718568558922787703e-01 1.044908266512091899e+00
5.050000000000000000e+03 1.785508673989743764e-02 1.480691830764897798e-01 1.491418355104609794e-01 1.000000000000000000e+00 3.537695437640800411e-02 9.716217486890138533e-01 1.045658909505444267e+00
5.462500000000000000e+03 1.782612594581615625e-02 1.471493690151507716e-01 1.482251920821650581e-01 1.000000000000000000e+00 3.601189870569876383e-02 9.710091491989006895e-01 1.047512548461691839e+00
5.875000000000000000e+03 1.778156336046389854e-02 1.460326522573742736e-01 1.471112487910521682e-01 1.000000000000000222e+00 3.663847814309775103e-02 9.700920931141393533e-01 1.048443215121201533e+00
6.287500000000000000e+03 1.774370742880009011e-02 1.448724546233166321e-01 1.459550179401183645e-01 1.000000000000000000e+00 3.727541770464400800e-02 9.697381326235037236e-01 1.049282778210010036e+00
6.700000000000000000e+03 1.771317205764849981e-02 1.440095689751958452e-01 1.450948394008669540e-01 1.000000000000000000e+00 3.785259529298129477e-02 9.690444014072850942e-01 1.050722826485176675e+00
7.112500000000000000e+03 1.766995095854529199e-02 1.430352269664007248e-01 1.441225288433576057e-01 1.000000000000000000e+00 3.841353476768286090e-02 9.678520737938912655e-01 1.051994503298874228e+00
7.525000000000000000e+03 1.762956474701191101e-02 1.421176839936467151e-01 1.432069748891129923e-01 1.000000000000000000e+00 3.897559488151534912e-02 9.674559518843549588e-01 1.053233796649866827e+00
7.937500000000000000e+03 1.760086817369637541e-02 1.412002829732296738e-01 1.422930443563178715e-01 1.000000000000000000e+00 3.954587254032224108e-02 9.668783464121194493e-01 1.054819349563548725e+00
8.350000000000000000e+03 1.757856366787930585e-02 1.405093324578501890e-01 1.416046553202907343e-01 1.000000000000000000e+00 4.007420492678437363e-02 9.661528344153469394e-01 1.056131833171046308e+00
8.762500000000000000e+03 1.755087830444510000e-02 1.398152047534763354e-01 1.409124721574239458e-01 1.000000000000000000e+00 4.058555926791171387e-02 9.652186504572611847e-01 1.057006372500186364e+00
9.175000000000000000e+03 1.753012815250684642e-02 1.391425254903387587e-01 1.402424607345115481e-01 1.000000000000000000e+00 4.110111322305395193e-02 9.649927411447416503e-01 1.058542334970403287e+00
9.587500000000000000e+03 1.751374763941777185e-02 1.385438231260083530e-01 1.396464187967197124e-01 1.000000000000000000e+00 4.162326143200863193e-02 9.650887892693602588e-01 1.059700773396707207e+00
1.000000000000000000e+04 1.750920612649547667e-02 1.380017110593901586e-01 1.391080319553965605e-01 1.000000000000000000e+00 4.214873541068956536e-02 9.641199904471278170e-01 1.061009619970482154e+00
